bottleID	site	date	time	dateTimeEST	dateTimeEST5Rounded	dateTimeEST30Rounded	salinityDensitometer	depthM	tempField	tempSTR	tempDIC	tempTA	dicCorrected	taCorrected	phSpec25	pumpSas	voltageSas	purpose	method	grahamCheck	deployment	notes	notFull	dicSuspect	midday	rDateTime	rDateTime30Rounded	precipitation	phInt	seafetDeployment	tempUsed	tempSource	phSpecField	phCalc	dicCalc	pco2	omegaArag	dicDiff	ta35Friss	dic35Friss
2918	smac	43457	0.455555556	1545562560	1545562500	1545562800	36.08016129	2	23.12	22.9858	25	24.35	2083.076987	2369.435663	NA	a	10.8	monitor	SAS	y	1	bottle not full	1	n	1	1545562560	1545562800	dry	7.994302	1	22.9858	STR	NA	8.028558585	NA	NA	NA	NA	2382.325819	NA
2920	star	43457	0.455555556	1545562560	1545562500	1545562800	36.16007403	2	23.25	22.8974	25	24.35	2105.062214	2377.105454	7.965997309	a	10.74	monitor	SAS	y	1	NA	NA	n	1	1545562560	1545562800	dry	7.9904	1	22.8974	STR	7.996762565	8.002858346	2108.498416	472.0310412	3.020223271	-3.436201921	2390.672599	2143.515563
2922	nmac	43457	0.455555556	1545562560	1545562500	1545562800	35.8626759	2	22.69	22.2564	25	24.55	2111.091681	2393.291072	NA	a	10.73	monitor	SAS	y	1	bottle not full	1	n	1	1545562560	1545562800	dry	7.946488	1	22.2564	STR	NA	8.03156294	NA	NA	NA	NA	2403.074447	NA
2919	smac	43471	0.450694444	1546771740	1546771800	1546772400	35.84695306	2	24.06	24.007	25	24.5	2134.95026	2394.782791	NA	b	10.37	monitor	SAS	y	2	bottle not full	1	n	1	1546771740	1546772400	dry	7.93771	1	24.007	STR	NA	7.965721395	NA	NA	NA	NA	2404.356825	NA
2921	star	43471	0.450694444	1546771740	1546771800	1546772400	35.92556594	2	24.25	23.9611	25	24.5	2166.905064	2409.777439	7.887990156	b	10.43	monitor	SAS	y	2	NA	NA	n	1	1546771740	1546772400	dry	7.8201	1	23.9611	STR	7.902627879	7.932337349	2182.551325	619.6131353	2.657229407	-15.64626101	2419.830912	2208.764297
2940	star	43485	0.409027778	1547977740	1547977800	1547978400	36.14435377	2	23.31	23.3277	25	25	2054.956602	2381.570234	NA	a	10.88	monitor	SAS	y	3	small bottle	NA	n	NA	1547977740	1547978400	dry	8.0024	1	23.3277	STR	NA	8.087473253	NA	NA	NA	NA	2394.817993	NA
2939	smac	43485	0.409027778	1547977740	1547977800	1547978400	36.06968067	2	23.12	23.2985	25	24.45	2070.497319	2384.545251	NA	a	10.85	monitor	SAS	y	3	small bottle	NA	n	NA	1547977740	1547978400	dry	8.009987	1	23.2985	STR	NA	8.068095683	NA	NA	NA	NA	2396.865957	NA
2941	em	43485	0.416666667	1547978400	1547978400	1547978400	36.31333935	7	24.12	24.1908	25	25	2061.28983	2385.822515	NA	a	10.72	monitor	SAS	y	3	small bottle	NA	n	1	1547978400	1547978400	dry	8.0255	1	24.1908	STR	NA	8.06664593	NA	NA	NA	NA	2400.802013	NA
2924	smac	43513	0.359027778	1550392620	1550392500	1550392200	35.7210662	2	23.75	23.7797	25	24.65	2137.975855	2414.594107	7.977102111	a	10.68	monitor	SAS	y	5	bottled 3/13 LC	1	n	NA	1550392620	1550392200	dry	7.942855	1	23.7797	STR	7.994669731	7.99764321	2139.680869	483.5291142	3.136386962	-1.70501492	2422.373918	2161.084494
2925	star	43513	0.359027778	1550392620	1550392500	1550392200	35.79585285	2	23.69	23.7882	25	24.65	2147.672593	2414.327817	7.956082282	a	10.62	monitor	SAS	y	5	bottled 3/13 LC	1	n	NA	1550392620	1550392200	dry	7.5867	1	23.7882	STR	7.973469044	7.979136437	2150.853913	512.3328711	3.019090562	-3.181320198	2422.902506	2174.179685
2997	smac	43541	0.345138889	1552810620	1552810500	1552811400	36.0146564	2	25.19	25.1557	25	24.55	2109.096791	2406.398794	7.999105726	a	10.6	monitor	SAS	y	7	NA	NA	n	NA	1552810620	1552811400	dry	7.547583	1	25.1557	STR	7.996089279	8.009901332	2117.305496	477.6883203	3.292032467	-8.208704895	2417.48789	2147.808714
2996	star	43541	0.345138889	1552810620	1552810500	1552811400	35.86398614	2	25.12	25.1823	25	24.75	2112.163858	2395.124668	NA	a	10.59	monitor	SAS	y	7	bottle not full	1	n	NA	1552810620	1552811400	dry	7.6619	1	25.1823	STR	NA	7.98865121	NA	NA	NA	NA	2404.878372	NA
2998	nmac	43541	0.345138889	1552810620	1552810500	1552811400	35.33059821	2	25	24.9455	25	24.65	2177.182912	2425.938888	7.919451504	a	10.49	monitor	SAS	y	7	NA	NA	n	NA	1552810620	1552811400	dry	7.849043	1	24.9455	STR	7.919569427	7.933568783	2184.738654	598.0817602	2.840623869	-7.555742047	2429.439082	2194.238736
2999	em	43541	0.352083333	1552811220	1552811100	1552811400	36.30809973	7	25.19	25.0458	25	24.6	2073.250235	2377.801468	8.02125794	a	10.68	monitor	SAS	y	7	NA	NA	n	NA	1552811220	1552811400	dry	8.0083	1	25.0458	STR	8.018173716	8.022563141	2075.89725	450.0680248	3.366422656	-2.647014873	2393.012338	2116.396161
3662	smac	43555	0.344444444	1554020160	1554020100	1554021000	35.94521862	2	24	24.0374	25	24.85	2104.516518	2372.95101	7.978188705	a	11.14	monitor	SAS	y	8	NA	NA	n	NA	1554020160	1554021000	dry	NA	NA	24.0374	STR	7.991897372	7.9825326	2099.224767	477.5244717	3.098622317	5.291750548	2384.180728	2128.170849
3661	star	43555	0.344444444	1554020160	1554020100	1554021000	35.85219402	2	24.06	23.9862	25	25.05	2123.460419	2392.137908	7.95274945	a	11.02	monitor	SAS	y	8	NA	NA	n	NA	1554020160	1554021000	dry	NA	NA	23.9862	STR	7.967170543	7.982160662	2131.840368	515.9852277	2.977472491	-8.379948997	2401.832646	2157.230146
3591	em	43581	0.417361111	1556272860	1556272800	1556272800	36.56744274	7	25	25.9197	NA	NA	NA	NA	8.064692987	NA	NA	monitor	hand	y	seafet	SeaFET deployment	NA	n	1	1556272860	1556272800	dry	NA	NA	25.9197	STR	8.048444402	NA	NA	NA	NA	NA	NA	NA
3592	smac	43581	0.465277778	1556277000	1556277000	1556276400	35.8272993	2	25.556	26.3704	NA	NA	NA	NA	8.06749931	NA	NA	monitor	hand	y	seafet	SeaFET deployment	NA	n	1	1556277000	1556276400	dry	NA	NA	26.3704	STR	8.046166222	NA	NA	NA	NA	NA	NA	NA
3593	nmac	43581	0.5	1556280000	1556280000	1556280000	35.61887123	2	26.111	26.7006	NA	NA	NA	NA	8.064117217	NA	NA	monitor	hand	y	seafet	SeaFET deployment	NA	n	1	1556280000	1556280000	dry	NA	NA	26.7006	STR	8.03783088	NA	NA	NA	NA	NA	NA	NA
3594	star	43581	0.552083333	1556284500	1556284500	1556285400	35.8272993	2	25.556	26.4015	NA	NA	NA	NA	8.075158783	NA	NA	monitor	hand	y	seafet	SeaFET deployment	NA	n	1	1556284500	1556285400	dry	NA	NA	26.4015	STR	8.053339342	NA	NA	NA	NA	NA	NA	NA
3715	em	43583	0.270138889	1556432940	1556433000	1556433000	35.21134474	7	26.38	25.8734	25	25	2082.503713	2381.412638	8.029615183	a	11.36	monitor	SAS	y	10	Did not take full smp	1	n	NA	1556432940	1556433000	dry	8.0006	2	25.8734	STR	8.014114906	8.013610387	2082.202134	459.1618918	3.404900434	0.301578425	2383.925074	2088.911355
3717	smac	43583	0.285416667	1556434260	1556434200	1556434800	36.19020414	2	26.38	26.2946	25	25.05	2057.808231	2382.070307	8.058347996	a	11.18	monitor	SAS	y	10	NA	NA	n	NA	1556434260	1556434800	dry	8.0032	2	26.2946	STR	8.038175762	8.038304146	2057.888753	417.9145844	3.651938384	-0.080522183	2395.814956	2095.449899
3716	star	43583	0.285416667	1556434260	1556434200	1556434800	36.4220581	2	26.12	26.2887	25	24.85	2066.972893	2393.247911	8.062201897	a	11.37	monitor	SAS	y	10	NA	NA	n	NA	1556434260	1556434800	dry	7.960757	2	26.2887	STR	8.042109555	8.037063581	2063.781011	414.4738673	3.701872176	3.191881755	2409.129087	2108.143398
3718	nmac	43583	0.285416667	1556434260	1556434200	1556434800	36.16400407	2	NA	26.3771	25	24.85	2075.332299	2383.11145	8.045160309	a	NA	monitor	SAS	y	10	Missing voltage and temp from Micro SD (Philippines)	NA	n	NA	1556434260	1556434800	dry	7.905852	2	26.3771	STR	8.023781157	8.010577311	2067.223134	435.5869751	3.57112331	8.10916527	2396.529764	2103.683612
3711	em	43591	0.40625	1557135900	1557135900	1557136800	36.58184958	7	25	26.4035	NA	NA	NA	NA	8.049987499	NA	NA	monitor	hand	y	hand11	NA	NA	n	NA	1557135900	1557136800	dry	8.0012	2	26.4035	STR	8.026499926	NA	NA	NA	NA	NA	NA	NA
3712	nmac	43591	0.435416667	1557138420	1557138300	1557138600	35.50487779	2	29.4	28.3446	NA	NA	NA	NA	8.043224243	NA	NA	monitor	hand	y	hand11	NA	NA	n	1	1557138420	1557138600	dry	7.69673	2	28.3446	STR	7.99243294	NA	NA	NA	NA	NA	NA	NA
3713	star	43591	0.453472222	1557139980	1557140100	1557140400	36.29893035	2	28.3	28.194	NA	NA	NA	NA	8.112161716	NA	NA	monitor	hand	y	hand11	NA	NA	n	1	1557139980	1557140400	dry	7.993369	2	28.194	STR	8.063224407	NA	NA	NA	NA	NA	NA	NA
3714	smac	43591	0.472222222	1557141600	1557141600	1557142200	36.6944809	2	29.4	28.252	NA	NA	NA	NA	8.110148277	NA	NA	monitor	hand	y	hand11	NA	NA	n	1	1557141600	1557142200	dry	8.0602	2	28.252	STR	8.060349631	NA	NA	NA	NA	NA	NA	NA
3816	nmac	43597	0.225694444	1557638700	1557638700	1557639000	35.58349472	2	28.88	29.0133	25	25	2038.076698	2334.345374	8.015785783	a	10.67	monitor	SAS	y	11	bottle not full	1	n	NA	1557638700	1557639000	dry	7.657923	2	29.0133	STR	7.955246523	7.966544603	2044.754954	516.301151	3.359442698	-6.678255908	2341.981134	2063.698551
3814	star	43597	0.225694444	1557638700	1557638700	1557639000	36.36835448	2	28.38	28.3373	25	24.95	2050.805653	2364.000774	8.044187058	a	10.85	monitor	SAS	y	11	NA	NA	n	NA	1557638700	1557639000	dry	7.928239	2	28.3373	STR	7.993498582	7.990549077	2048.984482	467.3071925	3.587384285	1.821170932	2380.405187	2092.291287
3813	em	43597	0.233333333	1557639360	1557639300	1557639000	36.38014322	7	27.25	27.2791	25	25	2069.774758	2378.331564	8.037022193	a	11.74	monitor	SAS	y	11	NA	NA	n	NA	1557639360	1557639000	dry	7.9649	2	27.2791	STR	8.00047167	7.994777973	2066.281839	470.1108569	3.516289068	3.492919263	2394.32828	2109.291385
3815	smac	43611	0.197916667	1558845900	1558845900	1558846800	36.30286009	2	27.25	27.3147	25	24.85	2079.313789	2332.318059	7.999055481	b	10.63	monitor	SAS	y	12	NA	NA	n	NA	1558845900	1558846800	wet	7.9149	2	27.3147	STR	7.963838488	7.907415703	2047.533959	502.6139234	3.240939717	31.7798299	2349.102525	2088.894392
3810	em	43614	0.497222222	1559130960	1559130900	1559131200	36.47445032	7	28.33	27.4632	NA	NA	NA	NA	8.079130026	NA	NA	monitor	hand	y	hand13	NA	NA	n	1	1559130960	1559131200	wet	8.021	2	27.4632	STR	8.039646021	NA	NA	NA	NA	NA	NA	NA
3809	star	43614	0.565972222	1559136900	1559136900	1559136600	35.45377497	2	29.44	28.5307	NA	NA	NA	NA	8.01725837	NA	NA	monitor	hand	y	hand13	NA	NA	n	1	1559136900	1559136600	wet	7.885714	2	28.5307	STR	7.963869207	NA	NA	NA	NA	NA	NA	NA
3812	nmac	43614	0.565972222	1559136900	1559136900	1559136600	34.81290351	2	29.44	29.0363	NA	NA	NA	NA	8.040787367	NA	NA	monitor	hand	y	hand13	NA	NA	n	1	1559136900	1559136600	wet	7.616349	2	29.0363	STR	7.979711118	NA	NA	NA	NA	NA	NA	NA
3811	smac	43614	0.600694444	1559139900	1559139900	1559140200	35.27949052	2	29.44	28.1407	NA	NA	NA	NA	8.015178504	NA	NA	monitor	hand	y	hand13	NA	NA	n	1	1559139900	1559140200	wet	7.9598	2	28.1407	STR	7.967596926	NA	NA	NA	NA	NA	NA	NA
3846	nmac	43625	0.171527778	1560053220	1560053100	1560052800	36.53731896	2	29.38	29.5984	25	24.7	2047.569089	2329.828764	8.021740412	a	10.76	monitor	SAS	y	13	NA	NA	n	NA	1560053220	1560052800	wet	7.57669	2	29.5984	STR	7.952478482	7.923260442	2030.304206	514.4242237	3.430912856	17.26488274	2349.611364	2079.519517
3847	smac	43625	0.171527778	1560053220	1560053100	1560052800	36.07623106	2	29.56	29.4066	25	24.65	2126.3593	2336.494399	7.998143834	a	10.74	monitor	SAS	y	13	NA	NA	n	NA	1560053220	1560052800	wet	7.904	2	29.4066	STR	7.931934169	7.796871784	2053.467182	548.9590941	3.282369289	72.89211784	2350.321762	2087.670706
3845	em	43639	0.145833333	1561260600	1561260600	1561260600	35.698793	7	28.12	28.8404	25	24.7	2086.83244	2382.592089	8.004072915	b	10.59	monitor	SAS	y	14	Not full sample	1	n	NA	1561260600	1561260600	wet	7.9621	2	28.8404	STR	7.944499268	7.957995336	2094.853439	552.1903648	3.338084832	-8.020998994	2390.762722	2116.486347
3842	smac	43642	0.541666667	1561554000	1561554000	1561554000	32.57368563	2	30	31.4809	25	24.65	2131.358578	2382.913739	7.977044958	NA	NA	monitor	hand	y	hand15	NA	NA	n	1	1561554000	1561554000	wet	7.8066	2	31.4809	STR	7.880577129	7.882361581	2132.333534	663.8236173	3.155045487	-0.974956913	2351.846257	2052.80632
3843	nmac	43642	0.625	1561561200	1561561200	1561561200	34.54023637	2	30.111	31.7886	25	24.65	2051.329878	2349.661342	8.053874209	NA	NA	monitor	hand	y	hand15	NA	NA	n	1	1561561200	1561561200	wet	7.692298	2	31.7886	STR	7.951826252	7.939477548	2043.86992	525.8314756	3.654641404	7.459958853	2343.666903	2028.480721
3844	star	43642	0.708333333	1561568400	1561568400	1561568400	35.64769604	2	30.111	31.7566	25	NA	2010.532987	NA	8.088709284	NA	NA	monitor	hand	y	hand15	NA	NA	n	NA	1561568400	1561568400	wet	7.895148	2	31.7566	STR	7.98669257	NA	NA	NA	NA	NA	NA	NA
3861	star	43653	0.120138889	1562467980	1562468100	1562468400	34.89685308	2	30.31	30.3162	25	24.55	2074.877651	2326.508991	7.975131527	a	10.3	monitor	SAS	y	15	NA	NA	n	NA	1562467980	1562468400	wet	7.754279	2	30.3162	STR	7.895763613	7.878460281	2065.35991	609.1694671	3.120293419	9.517740356	2325.109463	2062.00618
3860	smac	43653	0.120138889	1562467980	1562468100	1562468400	35.20872369	2	30.06	30.328	25	24.7	2091.106388	2364.763199	8.000497846	a	10.31	monitor	SAS	y	15	NA	NA	n	NA	1562467980	1562468400	wet	7.8014	2	30.328	STR	7.920668036	7.908521037	2084.090803	576.5778408	3.332889363	7.015585523	2367.343362	2090.706114
3862	nmac	43653	0.120138889	1562467980	1562468100	1562468400	33.27148984	2	30.5	30.5951	NA	NA	NA	NA	7.9248	a	10.25	monitor	SAS	y	15	Hole in bag	NA	n	NA	1562467980	1562468400	wet	7.620015	2	30.5951	STR	7.841994779	NA	NA	NA	NA	NA	NA	NA
3857	star	43667	0.086805556	1563674700	1563674700	1563674400	35.77978253	2	30.62	30.5748	25	24.7	2052.817957	2331.08583	7.998462804	b	10.25	monitor	SAS	y	16	NA	NA	n	NA	1563674700	1563674400	wet	7.837998	2	30.5748	STR	7.915020157	7.910849625	2050.40585	573.9824416	3.295248931	2.412106893	2341.305319	2075.460039
3856	nmac	43667	0.086805556	1563674700	1563674700	1563674400	35.52715293	2	30.75	30.8063	25	24.7	2084.557691	2320.840921	7.939243507	b	10.26	monitor	SAS	y	16	NA	NA	n	NA	1563674700	1563674400	wet	7.446698	2	30.8063	STR	7.853163343	7.835930368	2075.358314	679.2642299	2.944710205	9.199377111	2327.950697	2092.04578
3854	em	43672	0.34375	1564128900	1564128900	1564129800	36.23081349	7	30	NA	25	24.5	2019.331941	2354.835837	8.064234933	NA	NA	monitor	hand	y	hand17	NA	NA	n	NA	1564128900	1564129800	wet	7.9716	2	30	SAS	7.986941178	8.002655505	2029.318227	479.8883497	3.713331876	-9.986285331	2369.958711	2069.087991
3855	smac	43672	0.416666667	1564135200	1564135200	1564135200	33.78084518	2	30	NA	25	24.7	2134.884669	2373.369903	7.922703561	NA	NA	monitor	hand	y	hand17	NA	NA	n	1	1564135200	1564135200	wet	7.7795	2	30	SAS	7.848587746	7.865914413	2143.999846	714.7561776	2.849344755	-9.115176776	2357.972771	2105.888671
3858	nmac	43672	0.480555556	1564140720	1564140600	1564140600	33.27708042	2	30.556	NA	25	24.75	2142.137881	2351.736482	7.873544042	NA	NA	monitor	hand	y	hand17	NA	NA	n	1	1564140720	1564140600	wet	7.420734	2	30.556	SAS	7.792056667	7.810581821	2151.228925	827.6925406	2.568353989	-9.091043457	2328.527655	2096.928842
3859	star	43672	0.559027778	1564147500	1564147500	1564147800	33.84642965	2	30.556	NA	25	24.75	2134.536619	2381.895746	7.945719605	NA	NA	monitor	hand	y	hand17	NA	NA	n	1	1564147500	1564147800	wet	7.801548	2	30.556	SAS	7.863203365	7.872365807	2139.487571	688.6065591	3.000436831	-4.950952608	2367.645715	2103.342675
4010	nmac	43681	0.586805556	1564927500	1564927500	1564927200	35.66734905	2	30.44	30.5029	25	24.6	2030.624115	2364.675018	8.093876057	a	10.18	monitor	SAS	y	17	NA	NA	n	1	1564927500	1564927200	wet	7.50224	2	30.5029	STR	8.01047981	7.999908275	2023.823848	444.7490024	3.944898409	6.800267055	2372.820107	2045.83053
4009	star	43681	0.586805556	1564927500	1564927500	1564927200	35.64638583	2	30.44	30.2275	25	24.5	2035.050842	2344.622403	8.053579004	a	9.8	monitor	SAS	y	17	NA	NA	n	1	1564927500	1564927200	wet	7.878606	2	30.2275	STR	7.974681483	7.96825239	2031.104538	488.9989197	3.640214436	3.946304185	2352.879891	2052.300444
4011	smac	43681	0.586805556	1564927500	1564927500	1564927200	34.75653811	2	30.19	30.0022	25	24.6	2070.646915	2343.585637	8.005799647	a	10.06	monitor	SAS	y	17	NA	NA	n	1	1564927500	1564927200	wet	7.7858	2	30.0022	STR	7.930719594	7.92061366	2064.858108	557.9982912	3.310473588	5.788807149	2340.388555	2056.906689
4012	em	43681	0.594444444	1564928160	1564928100	1564929000	34.52581536	7	29.56	29.656	25	24.7	2083.463748	2361.833733	7.901	a	9.92	monitor	SAS	y	17	Sampled	NA	n	1	1564928160	1564929000	wet	7.9853	2	29.656	STR	7.830459931	7.93372202	2139.638012	754.8469685	2.720597843	-56.17426351	2355.815868	2125.074783
4007	smac	43695	0.55	1566133920	1566133800	1566133200	33.98808429	2	31.75	31.5711	25	24.45	2046.300219	2327.989507	8.022614535	b	10.02	monitor	SAS	y	18	NA	NA	n	1	1566133920	1566133200	wet	7.8617	2	31.5711	STR	7.924191678	7.924585752	2046.528137	566.2773111	3.400930202	-0.227917903	2313.936499	2012.18621
4008	em	43695	0.557638889	1566134580	1566134700	1566135000	34.78537643	7	30.56	30.5333	25	24.45	2104.565475	2350.322719	7.947787357	b	9.95	monitor	SAS	y	18	Sampled	NA	n	1	1566134580	1566135000	wet	7.9966	2	30.5333	STR	7.863893004	7.860863179	2102.92586	683.4663498	2.982075855	1.639615179	2347.548239	2096.156982
3949	em	43705	0.392361111	1566984300	1566984300	1566984600	35.51536024	7	29.444	29.8452	25	24.6	2048.093149	2382.424467	8.078613471	NA	NA	monitor	hand	y	hand19	SeaFET recovery	NA	n	NA	1566984300	1566984600	wet	7.9944	2	29.8452	STR	8.003497002	8.007560389	2050.691191	466.4966454	3.82602602	-2.59804169	2388.483869	2067.368709
3980	nmac	43705	0.440277778	1566988440	1566988500	1566988200	30.86386268	2	29.444	29.9787	25	24.5	2324.897416	2488.015198	7.775485562	NA	NA	monitor	hand	y	hand19	SeaFET recovery	NA	n	1	1566988440	1566988200	wet	NA	NA	29.9787	STR	7.703872256	7.734666686	2338.523605	1128.493256	2.160811084	-13.62618897	2446.205397	2223.075169
3981	star	43705	0.46875	1566990900	1566990900	1566991800	32.22583009	2	29.444	30.1494	25	24.65	2250.291584	2532.030912	7.867748108	NA	NA	monitor	hand	y	hand19	SeaFET recovery	NA	n	1	1566990900	1566991800	wet	NA	NA	30.1494	STR	7.792204602	7.938844969	2330.235343	900.7224544	2.692569843	-79.94375921	2508.962715	2255.361401
3982	smac	43705	0.489583333	1566992700	1566992700	1566993600	33.250839	2	29.444	30.206	25	24.55	2202.403224	2426.877511	7.908975813	NA	NA	monitor	hand	y	hand19	SeaFET recovery	NA	n	1	1566992700	1566993600	wet	NA	NA	30.206	STR	7.832039703	7.835839072	2204.3719	768.2154917	2.827706339	-1.968675379	2407.249395	2151.996865
4218	nmac	43709	0.536805556	1567342380	1567342500	1567342800	34.22546292	2	30.31	30.4382	25	24.65	2063.634721	2352.285892	8.023846556	a	10.28	monitor	SAS	y	19	NA	NA	n	1	1567342380	1567342800	wet	NA	NA	30.4382	STR	7.942133889	7.946653648	2066.283067	544.6220853	3.424553093	-2.648345186	2342.153927	2040.626561
4219	star	43709	0.536805556	1567342380	1567342500	1567342800	34.85755325	2	30.31	30.3674	25	24.6	2096.677216	2360.046338	7.994616481	a	9.87	monitor	SAS	y	19	bottle not full	1	n	1	1567342380	1567342800	wet	NA	NA	30.3674	STR	7.914272065	7.894741787	2085.598596	587.4616627	3.280517607	11.07862053	2358.24845	2081.044551
4216	em	43709	0.544444444	1567343040	1567343100	1567342800	35.3554963	7	30.31	30.2692	25	24.5	2050.378037	2357.449199	8.023108574	a	10.26	monitor	SAS	y	19	bottle not full	1	n	1	1567343040	1567342800	wet	NA	NA	30.2692	STR	7.942224403	7.963470892	2063.185941	549.1767823	3.439957924	-12.80790366	2361.899008	2074.616503
4221	star	43723	0.505555556	1568549280	1568549400	1568548800	34.1979233	2	29.5	29.6933	25	24.7	2092.472159	2373.046189	8.009989239	b	9.84	monitor	SAS	y	20	NA	NA	n	1	1568549280	1568548800	wet	NA	NA	29.6933	STR	7.939432011	7.941110371	2093.443687	554.8625716	3.351725761	-0.971528435	2363.032432	2067.490561
4220	nmac	43723	0.505555556	1568549280	1568549400	1568548800	33.12749947	2	29.5	29.6211	25	24.65	2143.403883	2383.351078	7.949806273	b	10.23	monitor	SAS	y	20	bottle not full	1	n	1	1568549280	1568548800	wet	NA	NA	29.6211	STR	7.880915796	7.88097644	2143.436151	661.4801008	2.977148854	-0.032267779	2359.800392	2083.71488
4217	em	43723	0.513194444	1568549940	1568550000	1568550600	35.09203002	7	29.88	29.81	25	24.6	2063.041615	2368.088984	8.058188921	b	10.13	monitor	SAS	y	20	bottle not full	1	n	1	1568549940	1568550600	wet	NA	NA	29.81	STR	7.983776765	7.968589501	2053.739074	492.3965573	3.654840705	9.302541796	2369.221685	2056.745181
4212	em	43748	0.4375	1570703400	1570703400	1570703400	35.90853344	7	26.667	28.4352	25	24.25	2050.9092	2377.940683	8.073539632	NA	NA	monitor	hand	y	hand22	NA	NA	n	1	1570703400	1570703400	wet	NA	NA	28.4352	STR	8.019520801	8.013009192	2046.781899	445.3095768	3.761128418	4.127300156	2388.619342	2075.959844
4213	nmac	43748	0.475694444	1570706700	1570706700	1570707000	33.0632023	2	27.778	28.2111	25	24.3	2164.349278	2414.920205	7.829587613	NA	NA	monitor	hand	y	hand22	NA	NA	n	1	1570706700	1570707000	wet	NA	NA	28.2111	STR	7.782414205	7.917947645	2232.731973	874.0728711	2.371087681	-68.38269449	2392.362751	2176.070719
4214	star	43748	0.493055556	1570708200	1570708200	1570708800	33.25608731	2	27.778	28.3183	25	24.3	2133.512409	2349.816192	7.902898883	NA	NA	monitor	hand	y	hand22	NA	NA	n	1	1570708200	1570708800	wet	NA	NA	28.3183	STR	7.853506762	7.856974276	2135.243393	702.0750276	2.66359279	-1.730983903	2326.209048	2079.408726
4215	smac	43748	0.5125	1570709880	1570710000	1570710600	34.32784293	2	27.778	28.5065	25	24.3	2113.732187	2369.706269	7.963820927	NA	NA	monitor	hand	y	hand22	NA	NA	n	1	1570709880	1570710600	wet	NA	NA	28.5065	STR	7.911179854	7.913914907	2115.23423	599.7299782	3.054596556	-1.502043287	2361.280893	2093.993951
4250	star	43751	0.460416667	1570964580	1570964700	1570964400	34.58874259	2	28.06	28.0484	25	25.5	2142.164642	2360.133606	7.979531174	a	10.01	monitor	SAS	y	22	Nate broke valve with gorilla hands	NA	n	1	1570964580	1570964400	wet	NA	NA	28.0484	STR	7.933542318	7.846663945	2095.989872	560.6432582	3.129282168	46.17476966	2354.903629	2082.863279
4252	nmac	43751	0.460416667	1570964580	1570964700	1570964400	34.18743191	2	28.31	27.9847	25	25.55	2145.487434	2385.413922	7.926848874	a	10.23	monitor	SAS	y	22	Valve broke off	NA	n	1	1570964580	1570964400	wet	NA	NA	27.9847	STR	7.882153309	7.891516725	2150.44261	654.8884507	2.855623475	-4.955176096	2375.560025	2125.496693
4278	em	43751	0.468055556	1570965240	1570965300	1570964400	35.70534427	7	28.62	28.5055	25	24.35	2060.844655	2357.942495	8.017906607	a	10.23	monitor	SAS	y	22	Good	NA	n	1	1570965240	1570964400	wet	NA	NA	28.5055	STR	7.963197545	7.968767409	2064.162287	518.7396614	3.376892003	-3.317632317	2366.675157	2086.60029
4275	star	43765	0.440972222	1572172500	1572172500	1572172200	34.75129473	2	28.75	28.6581	NA	NA	2086.879547	NA	NA	b	9.95	monitor	SAS	n	23	Good; Sample too small for TA analysis.	1	n	1	1572172500	1572172200	dry	NA	NA	28.6581	STR	NA	NA	NA	NA	NA	NA	NA	NA
4277	smac	43765	0.440972222	1572172500	1572172500	1572172200	34.79586298	2	28.75	28.5975	25	24.65	2111.29307	2370.171069	7.952630216	b	10.04	monitor	SAS	y	23	Good	NA	n	1	1572172500	1572172200	dry	NA	NA	28.5975	STR	7.898737975	7.912037008	2118.610466	618.2060901	3.010456879	-7.317395989	2367.64939	2112.266274
4276	nmac	43765	0.440972222	1572172500	1572172500	1572172200	34.25169076	2	28.88	28.6502	25	24.65	2126.221999	2374.007721	7.946996271	b	10.03	monitor	SAS	y	23	Good	NA	n	1	1572172500	1572172200	dry	NA	NA	28.6502	STR	7.892375799	7.897138934	2128.792342	632.9503076	2.967302286	-2.570342288	2364.700912	2105.389275
4273	em	43765	0.448611111	1572173160	1572173100	1572174000	35.55335863	7	28.81	28.8061	NA	NA	2100.343176	NA	8.014690945	b	10.3	monitor	SAS	n	23	Small sample	1	n	1	1572173160	1572174000	dry	NA	NA	28.8061	STR	7.9555449	NA	NA	NA	NA	NA	NA	NA
4268	smac	43779	0.371527778	1573376100	1573376100	1573376400	35.08286109	2	26.69	26.6621	NA	NA	2094.53993	2401.323728	7.9959	a	10.21	monitor	SAS	n	24	NA	NA	n	NA	1573376100	1573376400	dry	NA	NA	26.6621	STR	7.970404058	8.015169037	2121.133016	514.4181208	3.267766846	-26.59308544	2402.265349	2123.681157
4272	nmac	43779	0.371527778	1573376100	1573376100	1573376400	33.86610455	2	25.88	26.0821	NA	NA	2158.300881	2374.926524	7.8869	a	10.29	monitor	SAS	n	24	NA	NA	n	NA	1573376100	1573376400	dry	NA	NA	26.0821	STR	7.870309505	7.879596263	2162.927703	675.5792332	2.587712599	-4.626821538	2360.694333	2128.204738
4269	star	43793	0.352083333	1574584020	1574583900	1574584200	35.58611522	2	25.31	25.2153	NA	NA	2070.125155	2396.930112	8.0285	b	9.72	monitor	SAS	n	25	NA	NA	n	NA	1574584020	1574584200	dry	NA	NA	25.2153	STR	8.024580667	8.063714584	2094.235513	440.6536003	3.443419848	-24.11035755	2403.568808	2112.447824
4270	nmac	43793	0.352083333	1574584020	1574583900	1574584200	35.03300522	2	24.12	24.4645	NA	NA	2083.10021	2377.928377	7.9945	b	10.27	monitor	SAS	n	25	NA	NA	n	NA	1574584020	1574584200	dry	NA	NA	24.4645	STR	8.001833944	8.03232373	2100.815158	468.5970129	3.177677254	-17.71494801	2378.326019	2101.85072
4271	smac	43793	0.352083333	1574584020	1574583900	1574584200	35.07893153	2	25.19	25.2783	NA	NA	2123.235508	2393.026168	7.9884	b	10.13	monitor	SAS	n	25	NA	NA	n	NA	1574584020	1574584200	dry	NA	NA	25.2783	STR	7.98355472	7.97407175	2117.846344	495.3988225	3.181784833	5.389164032	2393.941904	2120.281311
4267	em	43794	0.385416667	1574673300	1574673300	1574674200	33.05926566	7	23.89	26.6742	NA	NA	2063.854225	2409.53218	8.0563	NA	NA	monitor	hand	n	hand 26	NA	NA	n	NA	1574673300	1574674200	dry	NA	NA	26.6742	STR	8.02873536	8.099786557	2108.141682	454.231304	3.550049992	-44.28745639	2386.609883	2044.044464
4253	nmac	43794	0.431944444	1574677320	1574677200	1574677800	35.16930922	2	23.33	24.5419	NA	NA	2089.801792	2363.589663	7.9811	NA	NA	monitor	hand	n	hand 26	NA	NA	n	1	1574677320	1574677800	dry	NA	NA	24.5419	STR	7.987261166	7.995215246	2094.287132	484.2828771	3.087350064	-4.485339963	2365.690594	2099.610164
4254	star	43794	0.454861111	1574679300	1574679300	1574679600	33.64311035	2	23.89	25.167	NA	NA	2072.448507	2376.755244	8.0342	NA	NA	monitor	hand	n	hand 26	NA	NA	n	1	1574679300	1574679600	dry	NA	NA	25.167	STR	8.031004556	8.055393859	2086.874691	436.5310785	3.375751092	-14.42618369	2359.68499	2041.980262
4251	smac	43794	0.477777778	1574681280	1574681400	1574681400	35.65162666	2	25	25.5583	NA	NA	2060.301916	2388.446387	8.0523	NA	NA	monitor	hand	n	hand 26	NA	NA	n	1	1574681280	1574681400	dry	NA	NA	25.5583	STR	8.043208502	8.061174189	2071.515851	415.8988035	3.588879149	-11.21393432	2395.968605	2092.141848
4403	star	43800	0.580555556	1575208560	1575208500	1575208800	35.36204838	2	26	25.8951	NA	NA	2082.859666	2408.30691	8.0479	a	10.12	monitor	SAS	n	26	NA	NA	n	1	1575208560	1575208800	dry	NA	NA	25.8951	STR	8.033750294	8.052328262	2094.431927	431.6122704	3.589767409	-11.57226129	2412.317194	2105.7511
4399	nmac	43800	0.580555556	1575208560	1575208500	1575208800	35.17989198	2	26.12	25.9745	NA	NA	2084.850071	NA	7.9843	a	10	monitor	SAS	n	26	NA	NA	n	1	1575208560	1575208800	dry	NA	NA	25.9745	STR	7.969074508	NA	NA	NA	NA	NA	NA	NA
4401	smac	43800	0.580555556	1575208560	1575208500	1575208800	35.49439527	2	26	25.8144	NA	NA	2093.645226	2388.038644	8.0204	a	NA	monitor	SAS	n	26	NA	NA	n	1	1575208560	1575208800	dry	NA	NA	25.8144	STR	8.007503458	8.004162638	2091.657957	460.2769177	3.390817323	1.987269136	2393.776782	2107.095861
4405	em	43800	0.588194444	1575209220	1575209100	1575208800	35.5061881	7	28.75	26.5809	NA	NA	2062.319756	2431.899431	8.0928	a	9.95	monitor	SAS	n	26	NA	NA	n	1	1575209220	1575208800	dry	NA	NA	26.5809	STR	8.066537406	8.102328928	2086.138061	402.3645726	3.91785156	-23.81830432	2437.147196	2102.017649
4404	star	43814	0.536111111	1576414320	1576414200	1576414800	34.99257489	2	25.19	25.1022	NA	NA	2109.959601	2416.504656	8.0058	b	10.24	monitor	SAS	n	27	NA	NA	n	1	1576414320	1576414800	dry	NA	NA	25.1022	STR	8.003583162	8.037041592	2129.932228	473.8082564	3.310804705	-19.97262629	2416.423281	2129.705169
4402	smac	43814	0.536111111	1576414320	1576414200	1576414800	34.95449134	2	25.19	25.1103	NA	NA	2115.589185	2382.141218	7.9826	b	NA	monitor	SAS	n	27	NA	NA	n	1	1576414320	1576414800	dry	NA	NA	25.1103	STR	7.980266046	7.973873319	2111.995175	498.2204231	3.125549125	3.594009997	2381.59719	2110.578658
4400	nmac	43814	0.536111111	1576414320	1576414200	1576414800	34.49435095	2	25.06	24.766	NA	NA	2150.328032	2415.151736	7.9596	b	10.03	monitor	SAS	n	27	NA	NA	n	1	1576414320	1576414800	dry	NA	NA	24.766	STR	7.962398801	7.976973162	2158.419726	533.150664	3.015629876	-8.091694061	2409.510286	2143.151311
4406	em	43816	0.359027778	1576571820	1576571700	1576571400	35.74999246	7	22.78	25.5313	NA	NA	2084.117953	2444.297272	8.0423	NA	NA	monitor	hand	n	hand 28	NA	NA	n	NA	1576571820	1576571400	dry	NA	NA	25.5313	STR	8.031917494	8.099231789	2127.608148	447.0281287	3.589423347	-43.49019456	2451.759493	2150.105658
4407	nmac	43816	0.398611111	1576575240	1576575300	1576575000	34.08907226	2	23.89	24.5136	NA	NA	2248.121688	2492.501669	7.867	NA	NA	monitor	hand	n	hand 28	NA	NA	n	NA	1576575240	1576575000	dry	NA	NA	24.5136	STR	7.873451398	7.938277316	2281.953593	702.8962768	2.594472398	-33.83190516	2484.284703	2257.421569
4408	star	43816	0.420833333	1576577160	1576577100	1576576800	34.64249124	2	23.89	24.3797	NA	NA	2254.825987	2508.57528	7.8906	NA	NA	monitor	hand	n	hand 28	NA	NA	n	1	1576577160	1576576800	dry	NA	NA	24.3797	STR	7.899058739	7.948544691	2281.519024	657.9366928	2.75000866	-26.6930379	2505.567792	2272.040347
4409	smac	43816	0.436805556	1576578540	1576578600	1576578600	34.52450435	2	23.89	24.4269	NA	NA	2249.548526	2488.052272	7.8981	NA	NA	monitor	hand	n	hand 28	NA	NA	n	1	1576578540	1576578600	dry	NA	NA	24.4269	STR	7.90587281	7.923931159	2259.115731	641.0987076	2.763221588	-9.567205057	2483.75591	2246.157214
4807	star	43828	0.529166667	1577623320	1577623200	1577622600	34.15333448	2	23.94	24.1427	NA	NA	2161.773192	2429.697725	7.9481	a	10.08	monitor	SAS	n	28	NA	NA	n	1	1577623320	1577622600	dry	NA	NA	24.1427	STR	7.960176576	7.994022537	2180.472797	541.5896276	2.945200331	-18.69960514	2420.517884	2155.198588
4808	nmac	43828	0.529166667	1577623320	1577623200	1577622600	33.66278737	2	24.25	24.1581	NA	NA	2174.735357	2438.817129	7.9301	a	9.58	monitor	SAS	n	28	NA	NA	n	1	1577623320	1577622600	dry	NA	NA	24.1581	STR	7.941912738	7.991812988	2201.830162	573.7132651	2.840518522	-27.09480533	2424.469586	2162.179099
4809	smac	43842	0.490972222	1578829620	1578829500	1578830400	34.95056151	2	23.31	23.2803	NA	NA	2147.844515	2446.952891	7.9945	b	10.29	monitor	SAS	n	29	NA	NA	n	1	1578829620	1578830400	dry	NA	NA	23.2803	STR	8.019619403	8.048244685	2164.763084	460.6408018	3.245712228	-16.9185688	2446.453497	2163.298714
4805	star	43842	0.490972222	1578829620	1578829500	1578830400	34.71721239	2	23.12	23.332	NA	NA	2153.444081	2464.30768	8.0009	b	10.17	monitor	SAS	n	29	NA	NA	n	1	1578829620	1578830400	dry	NA	NA	23.332	STR	8.025262238	8.067172822	2178.618429	457.6652946	3.300601458	-25.17434728	2461.573312	2170.298808
4806	nmac	43842	0.490972222	1578829620	1578829500	1578830400	34.34619888	2	23.44	23.3236	NA	NA	2181.507055	2461.500431	7.9608	b	9.89	monitor	SAS	n	29	NA	NA	n	1	1578829620	1578830400	dry	NA	NA	23.3236	STR	7.985153176	8.020611469	2201.637727	512.2241195	3.047402942	-20.13067238	2455.056882	2182.633284
4804	em	43846	0.385416667	1579166100	1579166100	1579167000	36.10112235	7	23.889	24.3171	NA	NA	2074.400213	2403.939461	8.055	NA	NA	monitor	hand	n	hand 30	SeaFET deployment	NA	n	NA	1579166100	1579167000	dry	NA	NA	24.3171	STR	8.062909179	8.072495488	2080.433175	402.5312224	3.591592336	-6.032961417	2416.019726	2114.581145
4801	smac	43846	0.4375	1579170600	1579170600	1579170600	33.88053267	2	22.778	23.8385	NA	NA	2250.473514	2532.061075	7.9804	NA	NA	monitor	hand	n	hand 30	SeaFET deployment	NA	n	1	1579170600	1579170600	dry	NA	NA	23.8385	STR	7.997094164	8.011641674	2258.943707	512.1268475	3.247114521	-8.470192995	2523.207941	2227.849692
4803	nmac	43846	0.482638889	1579174500	1579174500	1579174200	33.97496857	2	22.778	23.9179	NA	NA	2235.500773	2527.495771	7.9878	NA	NA	monitor	hand	n	hand 30	SeaFET deployment	NA	n	1	1579174500	1579174200	dry	NA	NA	23.9179	STR	8.003320113	8.027449107	2249.752727	502.0190076	3.291365366	-14.25195435	2519.274266	2221.083582
4802	star	43846	0.513888889	1579177200	1579177200	1579177800	34.67002044	2	22.778	23.7243	NA	NA	2223.991733	2517.841559	7.9893	NA	NA	monitor	hand	n	hand 30	SeaFET deployment	NA	n	1	1579177200	1579177800	dry	NA	NA	23.7243	STR	8.007729581	8.026170552	2234.961426	491.2009982	3.310354673	-10.96969279	2515.156053	2225.776459
5060	smac	43856	0.484722222	1580038680	1580038800	1580038200	35.73426864	2	24.12	23.9299	NA	NA	2093.370137	2402.345169	8.0507	a	9.94	monitor	SAS	n	30	NA	NA	n	1	1580038680	1580038200	dry	8.0421	3	23.9299	STR	8.066167809	8.051671648	2084.467189	393.4398804	3.566933848	8.902947319	2410.516191	2107.389185
5061	star	43856	0.484722222	1580038680	1580038800	1580038200	35.75261309	2	24.06	23.7901	NA	NA	2096.759996	2399.981787	8.0468	a	9.85	monitor	SAS	n	30	NA	NA	n	1	1580038680	1580038200	dry	8.0637	3	23.7901	STR	8.064373408	8.044415822	2084.598966	395.1214749	3.536337107	12.16102998	2408.402401	2108.0788
5062	smac	43870	0.444444444	1581244800	1581244800	1581244200	34.91519271	2	22.88	22.7489	NA	NA	2126.057433	2409.282999	8.0285	b	9.97	monitor	SAS	n	31	NA	NA	n	1	1581244800	1581244200	dry	8.0216	3	22.7489	STR	8.06176729	8.035208385	2110.456322	403.4493227	3.385111564	15.60111155	2408.333967	2107.809874
5059	star	43870	0.444444444	1581244800	1581244800	1581244200	35.01209817	2	22.81	22.7094	NA	NA	2142.862881	2429.582688	8.0075	b	9.88	monitor	SAS	n	31	NA	NA	n	1	1581244800	1581244200	dry	8.0368	3	22.7094	STR	8.041276085	8.037703999	2140.770392	430.6810881	3.289796114	2.092488777	2429.710683	2141.136401
5056	nmac	43875	0.572916667	1581687900	1581687900	1581688800	33.53553901	2	25	25.1187	NA	NA	2212.798221	2532.119849	8.0493	NA	NA	monitor	hand	n	hand 32	NA	NA	n	1	1581687900	1581688800	dry	8.0366	3	25.1187	STR	8.046827886	8.05870829	2220.235265	446.4721476	3.698719222	-7.437044532	2520.421811	2177.449991
5057	star	43875	0.680555556	1581697200	1581697200	1581697800	34.09169525	2	25	25.2482	NA	NA	2207.048951	2505.070543	8.0101	NA	NA	monitor	hand	n	hand 32	NA	NA	n	NA	1581697200	1581697800	dry	8.0206	3	25.2482	STR	8.005694573	8.019145226	2215.129456	492.6630374	3.432486697	-8.080504852	2497.21274	2188.889558
4997	star	43884	0.441666667	1582454160	1582454100	1582453800	35.22934608	2	NA	22.884	NA	NA	2166.603106	2426.684987	8.0122	a	NA	monitor	SAS	n	32	NA	NA	n	1	1582454160	1582453800	dry	8.0315	3	22.884	STR	8.043358811	7.986053835	2133.759019	426.7527105	3.325387484	32.84408732	2429.1153	2140.70034
4994	smac	43884	0.441666667	1582454160	1582454100	1582453800	35.49239233	2	NA	22.9368	NA	NA	2168.233653	2426.31037	7.9944	a	NA	monitor	SAS	n	32	NA	NA	n	1	1582454160	1582453800	dry	8.0214	3	22.9368	STR	8.02469126	7.978516993	2142.020964	448.4900588	3.228795967	26.21268898	2431.494633	2156.698497
4996	nmac	43884	0.441666667	1582454160	1582454100	1582453800	31.16960069	2	NA	22.7399	NA	NA	2258.905865	2483.386379	7.9571	a	NA	monitor	SAS	n	32	NA	NA	n	1	1582454160	1582453800	dry	8.0073	3	22.7399	STR	7.990188669	7.964867819	2245.800645	524.8565907	2.912002533	13.1052202	2444.478066	2128.540094
4998	star	43898	0.436111111	1583663280	1583663400	1583663400	35.35349376	2	NA	22.4186	NA	NA	2199.327177	2453.336726	8.0035	b	NA	monitor	SAS	n	33	NA	NA	n	1	1583663280	1583663400	dry	8.0261	3	22.4186	STR	8.041650435	7.97696311	2162.420827	433.602078	3.30545259	36.90635033	2456.802955	2172.79541
4995	nmac	43898	0.436111111	1583663280	1583663400	1583663400	33.69392708	2	NA	22.1232	NA	NA	2301.304896	2526.611487	8.0182	b	NA	monitor	SAS	n	33	updated values from Oct26 2020 email from albert	NA	n	1	1583663280	1583663400	dry	8.0229	3	22.1232	STR	8.060894886	7.938450185	2233.026355	429.9823862	3.427913849	68.27854103	2516.014167	2195.543693
4990	em	43903	0.38125	1584090540	1584090600	1584090000	35.91570035	7	NA	24.642	NA	NA	2133.426355	2403.290466	NA	NA	NA	monitor	hand	y	NA	new samples from Oct27 2020 email from Graham	NA	NA	NA	1584090540	1584090000	dry	8.0106	3	24.642	STR	NA	7.970428522	NA	NA	NA	NA	2413.404902	NA
4991	nmac	43903	0.40625	1584092700	1584092700	1584093600	35.2565206	2	NA	23.6026	NA	NA	2208.619665	2451.637157	NA	NA	NA	monitor	hand	y	NA	new samples from Oct27 2020 email from Graham	NA	NA	NA	1584092700	1584093600	dry	8.0214	3	23.6026	STR	NA	7.940445743	NA	NA	NA	NA	2454.171787	NA
4992	star	43903	0.420138889	1584093900	1584093900	1584093600	35.83184637	2	NA	23.8982	NA	NA	2160.658805	2429.659005	NA	NA	NA	monitor	hand	y	NA	new samples from Oct27 2020 email from Graham	NA	NA	1	1584093900	1584093600	dry	8.0304	3	23.8982	STR	NA	7.979102827	NA	NA	NA	NA	2438.256575	NA
4993	smac	43903	0.424305556	1584094260	1584094200	1584093600	35.72833375	2	NA	23.8269	NA	NA	2166.830438	NA	NA	NA	NA	monitor	hand	y	NA	new samples from Oct27 2020 email from Graham	NA	NA	1	1584094260	1584093600	dry	8.024	3	23.8269	STR	NA	NA	NA	NA	NA	NA	NA	NA
5296	star	43912	0.4375	1584873000	1584873000	1584873000	35.31356247	2	NA	25.6152	NA	NA	2354.626465	2393.758545	7.8935	a	NA	monitor	SAS	n	34	NA	NA	y	1	1584873000	1584873000	dry	7.9937	3	25.6152	STR	7.883752385	7.431661863	2168.450087	649.826317	2.67943171	186.1763779	2397.365716	2177.609609
5298	smac	43912	0.4375	1584873000	1584873000	1584873000	35.5074984	2	25.69	25.5551	NA	NA	2359.36792	2370.80835	7.8881	a	9.54	monitor	SAS	n	34	NA	NA	y	1	1584873000	1584873000	dry	8.0002	3	25.5551	STR	7.879243707	7.350370666	2148.57726	650.3936859	2.630437624	210.7906603	2376.942662	2163.604941
5297	nmac	43912	0.4375	1584873000	1584873000	1584873000	31.24218208	2	25.56	25.5545	NA	NA	2399.421875	2418.793701	7.8883	a	9.89	monitor	SAS	n	34	NA	NA	y	1	1584873000	1584873000	dry	7.9482	3	25.5545	STR	7.879452251	7.411663685	2219.441653	687.1575398	2.537491526	179.9802218	2372.942107	2101.499836
4810	em	43912	0.445138889	1584873660	1584873600	1584873000	35.57563318	7	25.31	25.3257	NA	NA	2278.418945	2353.876953	7.9534	a	10.25	monitor	SAS	n	34	NA	NA	y	1	1584873660	1584873000	dry	8.009	3	25.3257	STR	7.946153275	7.535412144	2097.952529	547.0624558	2.928334027	180.4664161	2361.095468	2115.784259
5299	nmac	43926	0.38125	1586077740	1586077800	1586077200	35.76309555	2	26.19	26.1877	NA	NA	2376.062744	2389.976807	7.8958	b	9.85	monitor	SAS	n	35	NA	NA	y	NA	1586077740	1586077200	dry	7.9914	3	26.1877	STR	7.877634619	7.348182971	2160.988013	657.2569111	2.711317139	215.074731	2398.725683	2183.157946
4811	em	43926	0.388888889	1586078400	1586078400	1586079000	35.43805073	7	25.38	25.3676	NA	NA	2285.259033	2381.614746	7.9522	b	10.29	monitor	SAS	n	35	was originally duplicated but this is correct one	NA	y	NA	1586078400	1586079000	dry	7.9738	3	25.3676	STR	7.944331673	7.591469967	2125.162467	557.0817847	2.954047424	160.0965663	2386.786418	2138.448563
5293	em	44007	0.427777778	1593080160	1593080100	1593081000	35.75523371	7	29	29.1916	NA	NA	2239.033691	2366.866699	8.0578	NA	NA	monitor	hand	n	hand 36a	NA	NA	y	1	1593080160	1593081000	wet	7.4697	3	29.1916	STR	7.992597308	7.616935339	2047.8081	478.0182123	3.656239545	191.225591	2376.015482	2072.145073
5292	nmac	44007	0.472222222	1593084000	1593084000	1593084600	33.95004845	2	31	30.6911	NA	NA	2267.361328	2363.477783	8.0449	NA	NA	monitor	hand	n	hand 36a	NA	NA	y	1	1593084000	1593084600	wet	7.9182	3	30.6911	STR	7.959213788	7.537927924	2066.225729	522.6949771	3.568933917	201.1355986	2349.977738	2031.162214
5294	star	44007	0.496527778	1593086100	1593086100	1593086400	34.69886011	2	31	30.1413	NA	NA	2252.948486	2370.359619	8.0432	NA	NA	monitor	hand	n	hand 36a	NA	NA	y	1	1593086100	1593086400	wet	7.9537	3	30.1413	STR	7.965684859	7.59112095	2067.854455	511.9019792	3.581747871	185.0940313	2366.630913	2058.028939
5295	smac	44007	0.524305556	1593088500	1593088500	1593088200	34.82207911	2	32	30.2461	NA	NA	2252.473389	2374.915283	8.0541	NA	NA	monitor	hand	n	hand 36a	NA	NA	y	1	1593088500	1593088200	wet	8.0851	3	30.2461	STR	7.974920991	7.600436567	2064.480763	498.9667497	3.665427858	187.992626	2372.743343	2058.67891
4298	em	44013	0.421527778	1593598020	1593597900	1593597600	35.81550695	7	30	30.1685	NA	NA	2219.308838	2367.255371	8.1026	NA	NA	monitor	hand	n	hand 36b	NA	NA	n	1	1593598020	1593597600	wet	NA	NA	30.1685	STR	8.022442829	7.650315862	2019.3265	436.9969658	3.978319144	199.982338	2377.108819	2046.210035
4299	nmac	44013	0.463194444	1593601620	1593601500	1593601200	32.20745107	2	31	31.5355	NA	NA	2290.052979	2353.611328	7.9595	NA	NA	monitor	hand	n	hand 36b	NA	NA	n	1	1593601620	1593601200	wet	7.8754	3	31.5355	STR	7.862492245	7.457579687	2116.948697	691.0683658	3.003412539	173.1042822	2314.907172	2023.04267
4301	star	44013	0.479166667	1593603000	1593603000	1593603000	31.49172836	2	31	31.4933	NA	NA	2287.541748	2332.639648	7.9731	NA	NA	monitor	hand	n	hand 36b	NA	NA	n	1	1593603000	1593603000	wet	7.8907	3	31.4933	STR	7.876507693	7.413417086	2095.29451	663.7947775	3.021864458	192.247238	2280.574323	1972.227053
4300	smac	44013	0.513888889	1593606000	1593606000	1593606600	31.73467731	2	31	31.3904	NA	NA	2256.570801	2316.701416	7.9743	NA	NA	monitor	hand	n	hand 36b	NA	NA	n	1	1593606000	1593606600	wet	7.9712	3	31.3904	STR	7.879196105	7.45598604	2078.23879	652.7403192	3.014345724	178.3320106	2266.972666	1962.815769
5111	star	44017	0.474305556	1593948180	1593948300	1593948600	34.94270184	2	NA	30.4726	NA	NA	2244.560939	2370.253345	8.0443	a	NA	monitor	SAS	n	36	NA	NA	y	1	1593948180	1593948600	wet	NA	NA	30.4726	STR	7.961859386	7.604367813	2065.26632	515.80527	3.605625473	179.2946192	2369.548657	2063.405612
5112	smac	44017	0.474305556	1593948180	1593948300	1593948600	35.00025829	2	NA	30.4073	NA	NA	2266.265254	2380.850038	8.0152	a	NA	monitor	SAS	n	36	NA	NA	y	1	1593948180	1593948600	wet	NA	NA	30.4073	STR	7.934038176	7.576495617	2091.771494	560.2476825	3.440851564	174.49376	2380.853131	2091.779672
5114	em	44017	0.481944444	1593948840	1593948900	1593948600	35.77357795	7	NA	29.9336	NA	NA	2230.462689	2375.441608	8.0734	a	NA	monitor	SAS	n	36	NA	NA	y	1	1593948840	1593948600	wet	NA	NA	29.9336	STR	7.99701177	7.646413329	2045.672209	472.5317215	3.790917605	184.7904803	2384.622379	2070.633719
4999	em	44021	0.439583333	1594290780	1594290900	1594290600	35.34108166	7	31	NA	NA	NA	2235.327881	2367.528809	8.0747	NA	NA	monitor	hand	n	hand 37	NA	NA	y	1	1594290780	1594290600	wet	NA	NA	31	SAS	7.982428005	7.607077187	2041.099765	491.0533088	3.801045113	194.2281162	2371.702648	2052.284471
5000	nmac	44021	0.470833333	1594293480	1594293600	1594294200	34.4484644	2	31	NA	NA	NA	2259.020752	2359.723389	8.0384	NA	NA	monitor	hand	n	hand 37	NA	NA	y	1	1594293480	1594294200	wet	NA	NA	31	SAS	7.948213353	7.540732023	2062.9156	535.2670921	3.548479681	196.1051517	2352.67436	2044.710361
5063	star	44021	0.500694444	1594296060	1594296000	1594296000	35.26507528	2	31	NA	NA	NA	2258.037842	2375.620117	8.042	NA	NA	monitor	hand	n	hand 37	NA	NA	y	1	1594296060	1594296000	wet	NA	NA	31	SAS	7.95177119	7.573518817	2069.109617	529.6384102	3.624274324	188.9282253	2378.810033	2077.610126
5064	smac	44021	0.545833333	1594299960	1594299900	1594299600	35.33059821	2	30	NA	NA	NA	2254.45752	2380.335693	8.0585	NA	NA	monitor	hand	n	hand 37	NA	NA	y	1	1594299960	1594299600	wet	NA	NA	30	SAS	7.982937063	7.60627655	2062.805554	486.9667117	3.71354907	191.6519657	2384.262608	2073.446598
5110	smac	44031	0.425	1595153520	1595153400	1595152800	33.3138178	2	NA	NA	NA	NA	2288.118218	2345.144833	7.93	b	NA	monitor	SAS	n	37	NA	NA	n	1	1595153520	1595152800	wet	NA	NA	22.9858	NA	7.959282084	7.537889059	2116.847039	527.466062	2.693069527	171.2711794	2322.122293	2062.023144
5113	em	44031	0.432638889	1595154180	1595154300	1595154600	36.25570264	7	NA	NA	NA	NA	2238.916211	2374.9394	8.046	b	NA	monitor	SAS	n	37	NA	NA	n	1	1595154180	1595154600	wet	NA	NA	22.9858	NA	8.074022652	7.717403576	2058.605785	386.0606895	3.466915506	180.3104258	2389.661214	2098.137545
